0
0.00519047
0.0103728
0.0155389
0.0206807
0.0257901
0.0308593
0.0358805
0.0408458
0.0457479
0.0505793
0.0553328
0.0600015
0.0645784
0.0690571
0.0734313
0.0776949
0.0818421
0.0858675
0.089766
0.0935326
0.0971629
0.100653
0.103998
0.107195
0.110241
0.113133
0.115869
0.118446
0.120863
0.123118
0.12521
0.127139
0.128905
0.130506
0.131945
0.13322
0.134334
0.135288
0.136083
0.136721
0.137204
0.137536
0.137718
0.137754
0.137646
0.137399
0.137016
0.136501
0.135858
0.135091
0.134204
0.133203
0.132091
0.130873
0.129554
0.128139
0.126633
0.125041
0.123368
0.121618
0.119798
0.117911
0.115963
0.113959
0.111904
0.109803
0.10766
0.10548
0.103268
0.101029
0.0987661
0.0964844
0.0941881
0.0918811
0.0895675
0.087251
0.0849353
0.0826239
0.0803203
0.0780276
0.0757489
0.0734872
0.0712451
0.0690254
0.0668304
0.0646625
0.0625238
0.0604162
0.0583417
0.0563019
0.0542983
0.0523323
0.0504053
0.0485182
0.0466721
0.0448678
0.0431061
0.0413875
0.0397126
0.0380816
0.0364949
0.0349527
0.0334549
0.0320015
0.0305925
0.0292276
0.0279065
0.0266289
0.0253944
0.0242024
0.0230524
0.0219437
0.0208759
0.0198481
0.0188595
0.0179095
0.0169972
0.0161218
0.0152824
0.0144781
0.013708
0.0129712
0.0122668
0.0115938
0.0109513
0.0103384
0.00975403
0.00919733
0.00866734
0.00816314
0.0076838
0.00722841
0.00679607
0.00638589
0.005997
0.00562854
0.00527968
0.00494959
0.00463748
0.00434255
0.00406405
0.00380123
0.00355338
0.00331979
0.00309979
0.00289272
0.00269794
0.00251485
0.00234286
0.00218139
0.0020299
0.00188786
0.00175476
0.00163013
0.0015135
0.00140442
0.00130247
0.00120723
0.00111834
0.00103541
0.000958085
0.000886042
0.000818957
0.000756528
0.000698467
0.000644502
0.000594375
0.00054784
0.000504667
0.000464638
0.000427546
0.000393196
0.000361404
0.000331999
0.000304817
0.000279706
0.000256521
0.000235127
0.000215399
0.000197216
0.000180469
0.000165052
0.00015087
0.00013783
0.000125847
0.000114843
0.000104743
9.54795e-05
8.6987e-05
7.92063e-05
7.20819e-05
6.55624e-05
5.95997e-05
5.41497e-05
4.9171e-05
4.46256e-05
4.04782e-05
3.66962e-05
3.32493e-05
3.01097e-05
2.72517e-05
2.46515e-05
2.22872e-05
2.01386e-05
1.81873e-05
1.6416e-05
1.48092e-05
1.33524e-05
1.20323e-05
1.08369e-05
9.75489e-06
8.77614e-06
7.8913e-06
7.09181e-06
6.36987e-06
5.7183e-06
5.1306e-06
4.6008e-06
4.12347e-06
3.69365e-06
3.30685e-06
2.95895e-06
2.64621e-06
2.36525e-06
2.11297e-06
1.88658e-06
1.68353e-06
1.50153e-06
1.33848e-06
1.19248e-06
1.06184e-06
9.45e-07
8.40563e-07
7.47264e-07
6.63963e-07
5.89629e-07
5.23334e-07
4.64243e-07
4.11602e-07
3.64734e-07
3.23029e-07
2.85939e-07
2.52971e-07
2.23682e-07
1.97678e-07
1.74603e-07
1.54139e-07
1.36001e-07
1.19933e-07
1.05706e-07
9.31167e-08
8.1982e-08
7.21397e-08
6.34445e-08
5.57684e-08
4.89934e-08
4.30188e-08
3.7753e-08
3.31154e-08
2.90326e-08
2.54404e-08
2.22812e-08
1.95051e-08
1.70654e-08
1.49221e-08
1.304e-08
1.13887e-08
9.94192e-09
8.67297e-09
7.56111e-09
6.58859e-09
5.73791e-09
4.99449e-09
4.34642e-09
3.78159e-09
3.28807e-09
2.857e-09
2.48115e-09
2.15434e-09
1.86816e-09
1.61791e-09
1.40039e-09
1.21087e-09
1.04597e-09
9.02508e-10
7.77629e-10
6.71021e-10
5.80876e-10
5.01081e-10
4.31919e-10
3.72117e-10
3.20594e-10
2.75016e-10
2.35639e-10
2.02658e-10
1.74879e-10
1.49847e-10
1.28087e-10
1.09917e-10
9.42703e-11
8.09953e-11
6.89048e-11
5.81956e-11
4.94564e-11
4.06048e-11
3.24129e-11
2.52911e-11
1.97699e-11
1.51711e-11
1.13407e-11
8.68725e-12
6.88961e-12
4.99372e-12
3.21031e-12
3.59682e-12
4.14287e-12
3.49752e-12
1.96408e-12
3.53336e-13
-1.83312e-12
-3.0214e-12
-5.05164e-12
-5.07287e-12
-4.24149e-12
-3.32828e-12
-3.66472e-12
-4.45409e-12
-4.44187e-12
-4.10617e-12
-4.07799e-12
-4.11939e-12
-2.60692e-12
-2.10833e-12
-1.17026e-12
2.98385e-13
1.56356e-12
1.73349e-12
1.90826e-12
1.40871e-12
4.71622e-13
-6.33192e-13
-8.2179e-13
-1.07507e-12
-2.00025e-12
-3.22371e-12
-4.94688e-12
-6.1695e-12
-5.36095e-12
-2.37281e-12
0
