0
0.00308651
0.00617061
0.00924987
0.0123219
0.0153843
0.0184346
0.0214706
0.0244898
0.0274899
0.0304686
0.0334236
0.0363528
0.0392538
0.0421245
0.0449627
0.0477664
0.0505335
0.053262
0.0559499
0.0585954
0.0611966
0.0637516
0.0662588
0.0687164
0.0711229
0.0734767
0.0757763
0.0780203
0.0802074
0.0823361
0.0844054
0.0864142
0.0883612
0.0902455
0.0920663
0.0938225
0.0955136
0.0971387
0.0986973
0.100189
0.101613
0.102969
0.104256
0.105475
0.106626
0.107707
0.10872
0.109664
0.110539
0.111346
0.112084
0.112755
0.113358
0.113893
0.114363
0.114766
0.115104
0.115377
0.115586
0.115732
0.115816
0.115838
0.1158
0.115703
0.115548
0.115335
0.115066
0.114742
0.114364
0.113934
0.113453
0.112922
0.112342
0.111715
0.111043
0.110325
0.109565
0.108764
0.107922
0.107042
0.106125
0.105172
0.104184
0.103164
0.102113
0.101033
0.0999237
0.0987881
0.0976273
0.0964427
0.0952359
0.0940083
0.0927613
0.0914963
0.0902148
0.0889182
0.0876078
0.086285
0.0849511
0.0836075
0.0822554
0.0808961
0.0795308
0.0781608
0.0767872
0.0754113
0.074034
0.0726566
0.0712801
0.0699054
0.0685338
0.067166
0.0658031
0.064446
0.0630955
0.0617525
0.0604179
0.0590923
0.0577765
0.0564714
0.0551774
0.0538953
0.0526258
0.0513693
0.0501265
0.0488978
0.0476838
0.0464849
0.0453015
0.0441341
0.042983
0.0418486
0.0407311
0.0396309
0.0385481
0.0374831
0.036436
0.0354071
0.0343964
0.0334041
0.0324303
0.0314751
0.0305385
0.0296206
0.0287214
0.0278409
0.0269791
0.0261359
0.0253113
0.0245052
0.0237176
0.0229482
0.0221971
0.021464
0.0207488
0.0200514
0.0193716
0.0187092
0.018064
0.0174357
0.0168243
0.0162295
0.015651
0.0150886
0.0145421
0.0140112
0.0134957
0.0129953
0.0125097
0.0120387
0.011582
0.0111393
0.0107104
0.010295
0.0098928
0.0095035
0.00912685
0.00876255
0.00841033
0.00806991
0.00774101
0.00742335
0.00711665
0.00682064
0.00653503
0.00625957
0.00599398
0.005738
0.00549136
0.0052538
0.00502507
0.00480491
0.00459307
0.0043893
0.00419337
0.00400503
0.00382406
0.00365021
0.00348327
0.00332301
0.00316922
0.00302168
0.00288019
0.00274454
0.00261453
0.00248997
0.00237067
0.00225644
0.00214711
0.00204249
0.00194242
0.00184673
0.00175526
0.00166784
0.00158433
0.00150458
0.00142844
0.00135576
0.00128642
0.00122029
0.00115723
0.00109711
0.00103983
0.000985261
0.000933294
0.000883819
0.000836732
0.000791931
0.000749319
0.000708801
0.000670287
0.000633688
0.000598919
0.0005659
0.000534552
0.0005048
0.000476571
0.000449794
0.000424404
0.000400336
0.000377527
0.000355919
0.000335454
0.000316078
0.000297738
0.000280385
0.00026397
0.000248447
0.000233771
0.000219902
0.000206798
0.000194421
0.000182735
0.000171703
0.000161293
0.000151472
0.000142209
0.000133477
0.000125245
0.000117489
0.000110183
0.000103303
9.68257e-05
9.07295e-05
8.49937e-05
7.95986e-05
7.45254e-05
6.97564e-05
6.52746e-05
6.10639e-05
5.71092e-05
5.33959e-05
4.99103e-05
4.66395e-05
4.35711e-05
4.06933e-05
3.79952e-05
3.54663e-05
3.30966e-05
3.08767e-05
2.87979e-05
2.68516e-05
2.503e-05
2.33257e-05
2.17314e-05
2.02405e-05
1.88467e-05
1.75441e-05
1.63271e-05
1.51903e-05
1.41288e-05
1.31378e-05
1.2213e-05
1.13502e-05
1.05454e-05
9.79497e-06
9.09544e-06
8.44353e-06
7.83616e-06
7.27046e-06
6.74371e-06
6.25337e-06
5.79705e-06
5.3725e-06
4.97763e-06
4.61045e-06
4.26912e-06
3.95189e-06
3.65716e-06
3.38338e-06
3.12914e-06
2.8931e-06
2.674e-06
2.47069e-06
2.28207e-06
2.10711e-06
1.94486e-06
1.79442e-06
1.65495e-06
1.52568e-06
1.40588e-06
1.29486e-06
1.19198e-06
1.09666e-06
1.00833e-06
9.26482e-07
8.50627e-07
7.80312e-07
7.15113e-07
6.54635e-07
5.98509e-07
5.46389e-07
4.97951e-07
4.52891e-07
4.10924e-07
3.71783e-07
3.35215e-07
3.00982e-07
2.68861e-07
2.38637e-07
2.10109e-07
1.83084e-07
1.57376e-07
1.32809e-07
1.09209e-07
8.64098e-08
6.42495e-08
4.25677e-08
2.12045e-08
0
